7.458969999999999878e+00 0.000000000000000000e+00
7.465562839489711777e+00 0.000000000000000000e+00
7.472155678979423676e+00 0.000000000000000000e+00
7.478748518469135576e+00 0.000000000000000000e+00
7.485341357958847475e+00 0.000000000000000000e+00
7.491934197448559374e+00 0.000000000000000000e+00
7.498527036938271273e+00 0.000000000000000000e+00
7.505119876427983172e+00 0.000000000000000000e+00
7.511712715917695071e+00 0.000000000000000000e+00
7.518305555407406970e+00 0.000000000000000000e+00
7.524898394897118870e+00 0.000000000000000000e+00
7.531491234386830769e+00 0.000000000000000000e+00
7.538084073876543556e+00 0.000000000000000000e+00
7.544676913366255455e+00 0.000000000000000000e+00
7.551269752855967354e+00 0.000000000000000000e+00
7.557862592345679253e+00 0.000000000000000000e+00
7.564455431835391153e+00 0.000000000000000000e+00
7.571048271325103052e+00 0.000000000000000000e+00
7.577641110814814951e+00 0.000000000000000000e+00
7.584233950304526850e+00 0.000000000000000000e+00
7.590826789794238749e+00 0.000000000000000000e+00
7.597419629283950648e+00 0.000000000000000000e+00
7.604012468773662548e+00 0.000000000000000000e+00
7.610605308263374447e+00 0.000000000000000000e+00
7.617198147753086346e+00 0.000000000000000000e+00
7.623790987242798245e+00 0.000000000000000000e+00
7.630383826732510144e+00 0.000000000000000000e+00
7.636976666222222043e+00 0.000000000000000000e+00
7.643569505711933942e+00 0.000000000000000000e+00
7.650162345201645842e+00 0.000000000000000000e+00
7.656755184691357741e+00 0.000000000000000000e+00
7.663348024181069640e+00 0.000000000000000000e+00
7.669940863670781539e+00 0.000000000000000000e+00
7.676533703160493438e+00 0.000000000000000000e+00
7.683126542650205337e+00 0.000000000000000000e+00
7.689719382139917236e+00 0.000000000000000000e+00
7.696312221629629136e+00 0.000000000000000000e+00
7.702905061119341923e+00 0.000000000000000000e+00
7.709497900609053822e+00 0.000000000000000000e+00
7.716090740098765721e+00 0.000000000000000000e+00
7.722683579588477620e+00 0.000000000000000000e+00
7.729276419078189519e+00 0.000000000000000000e+00
7.735869258567901419e+00 0.000000000000000000e+00
7.742462098057613318e+00 0.000000000000000000e+00
7.749054937547325217e+00 0.000000000000000000e+00
7.755647777037037116e+00 0.000000000000000000e+00
7.762240616526749015e+00 0.000000000000000000e+00
7.768833456016460914e+00 0.000000000000000000e+00
7.775426295506172814e+00 1.497226605721793192e-03
7.782019134995884713e+00 4.123095402751819107e-03
7.788611974485596612e+00 6.427891203182322342e-03
7.795204813975308511e+00 8.411614007013311356e-03
7.801797653465020410e+00 1.007426381424478615e-02
7.808390492954732309e+00 1.141584062487674064e-02
7.814983332444444208e+00 1.243634443890918873e-02
7.821576171934156108e+00 1.313577525634211304e-02
7.828169011423868007e+00 1.351413307717551186e-02
7.834761850913579906e+00 1.357141790140939733e-02
7.841354690403291805e+00 1.330762972904377638e-02
7.847947529893003704e+00 1.272276856007864207e-02
7.854540369382715603e+00 1.181683439451397359e-02
7.861133208872427502e+00 1.092498181355112778e-02
7.867726048362140290e+00 1.213360261068935006e-02
7.874318887851852189e+00 1.270007741462832879e-02
7.880911727341564088e+00 1.262440622536826693e-02
7.887504566831275987e+00 1.190658904290918876e-02
7.894097406320987886e+00 1.090792939471532143e-02
7.900690245810699786e+00 1.205926536761947956e-02
7.907283085300411685e+00 1.288952834392413302e-02
7.913875924790123584e+00 1.339871832362926445e-02
7.920468764279835483e+00 1.358683530673487905e-02
7.927061603769547382e+00 1.345387929324098029e-02
7.933654443259259281e+00 1.299985028314756125e-02
7.940247282748971180e+00 1.222474827645463058e-02
7.946840122238683080e+00 1.112857327316216748e-02
7.953432961728394979e+00 9.711325273270203159e-03
7.960025801218106878e+00 7.973004276778718549e-03
7.966618640707818777e+00 6.504289927798142905e-03
7.973211480197530676e+00 7.244497419236259339e-03
7.979804319687242575e+00 9.700737278327176485e-03
7.986397159176954474e+00 1.338476782280193476e-02
7.992989998666666374e+00 1.935801527932594357e-02
7.999582838156378273e+00 2.514490980649807320e-02
8.006175677646091060e+00 2.996858534387222828e-02
8.012768517135802071e+00 3.862140906800476392e-02
8.019361356625514858e+00 4.655919759708384426e-02
8.025954196115225869e+00 5.289162114316346003e-02
8.032547035604938657e+00 5.761867970624695579e-02
8.039139875094649668e+00 6.081103602747060105e-02
8.045732714584362455e+00 6.962720152772579330e-02
8.052325554074073466e+00 7.956194851775687249e-02
8.058918393563786253e+00 8.969527982816988265e-02
8.065511233053497264e+00 1.023313515125710282e-01
8.072104072543210052e+00 1.156255521569861527e-01
8.078696912032921063e+00 1.313743889791877117e-01
8.085289751522633850e+00 1.530904007241579434e-01
8.091882591012346637e+00 1.740337811478849528e-01
8.098475430502057648e+00 1.991431821965867766e-01
8.105068269991768659e+00 2.271630506381271120e-01
8.111661109481481446e+00 2.613367982634829945e-01
8.118253948971194234e+00 2.989952372594315566e-01
8.124846788460905245e+00 3.385472890167623428e-01
8.131439627950618032e+00 3.772874737029088821e-01
8.138032467440329043e+00 4.183004775039839140e-01
8.144625306930041830e+00 4.586377391245602952e-01
8.151218146419752841e+00 5.011933851991240418e-01
8.157810985909465629e+00 5.459425280757399523e-01
8.164403825399176640e+00 5.963953207539740564e-01
8.170996664888889427e+00 6.558707805684844683e-01
8.177589504378600438e+00 7.185314339369381909e-01
8.184182343868313225e+00 7.882157911458628208e-01
8.190775183358024236e+00 8.561191101285146043e-01
8.197368022847737024e+00 9.199539948370563103e-01
8.203960862337448035e+00 9.948021606952188733e-01
8.210553701827160822e+00 1.072819275196323030e+00
8.217146541316871833e+00 1.135866714476012396e+00
8.223739380806584620e+00 1.192798915224489331e+00
8.230332220296295631e+00 1.253462701230873444e+00
8.236925059786008418e+00 1.325986966276148094e+00
8.243517899275719429e+00 1.398446348909749171e+00
8.250110738765432217e+00 1.461989490308620132e+00
8.256703578255145004e+00 1.530461769530384375e+00
8.263296417744856015e+00 1.606688872876419927e+00
8.269889257234567026e+00 1.671370326323754263e+00
8.276482096724279813e+00 1.731353337014617466e+00
8.283074936213992601e+00 1.806147770178515133e+00
8.289667775703703612e+00 1.892306892691720144e+00
8.296260615193416399e+00 1.973555831197691068e+00
8.302853454683127410e+00 2.047098611010021330e+00
8.309446294172840197e+00 2.118502188828013555e+00
8.316039133662551208e+00 2.178687702208037535e+00
8.322631973152263996e+00 2.213693629183010270e+00
8.329224812641975006e+00 2.236199338697200112e+00
8.335817652131687794e+00 2.247208596968817140e+00
8.342410491621398805e+00 2.237217279318138630e+00
8.349003331111111592e+00 2.210424158330571931e+00
8.355596170600822603e+00 2.162981239031695146e+00
8.362189010090535390e+00 2.097116761018861020e+00
8.368781849580246401e+00 2.020867741444774435e+00
8.375374689069959189e+00 1.943936065764309884e+00
8.381967528559670200e+00 1.868903483315553560e+00
8.388560368049382987e+00 1.794336140173275584e+00
8.395153207539093998e+00 1.707471138409745848e+00
8.401746047028806785e+00 1.628923338324655967e+00
8.408338886518517796e+00 1.572943685454692320e+00
8.414931726008230584e+00 1.542719863643590816e+00
8.421524565497943371e+00 1.531646507789613754e+00
8.428117404987654382e+00 1.519663700649808158e+00
8.434710244477367169e+00 1.513744004851475200e+00
8.441303083967078180e+00 1.505325181756792530e+00
8.447895923456790968e+00 1.482766122137492371e+00
8.454488762946501978e+00 1.469916247132464493e+00
8.461081602436214766e+00 1.465255946357067129e+00
8.467674441925925777e+00 1.470319104789343356e+00
8.474267281415638564e+00 1.469964880511339445e+00
8.480860120905349575e+00 1.460050838140224183e+00
8.487452960395062362e+00 1.449863761758545699e+00
8.494045799884773373e+00 1.447520119117482462e+00
8.500638639374486161e+00 1.449167918554529200e+00
8.507231478864197172e+00 1.453850106129497943e+00
8.513824318353909959e+00 1.471080671087684699e+00
8.520417157843620970e+00 1.477046999815088135e+00
8.527009997333333757e+00 1.472326091767340417e+00
8.533602836823044768e+00 1.467663453072714175e+00
8.540195676312757556e+00 1.502693050574890554e+00
8.546788515802468567e+00 1.539345398565832523e+00
8.553381355292181354e+00 1.571601297466634461e+00
8.559974194781892365e+00 1.587171736587561721e+00
8.566567034271605152e+00 1.601887761314078285e+00
8.573159873761316163e+00 1.613234174791766673e+00
8.579752713251028950e+00 1.620417260134408011e+00
8.586345552740741738e+00 1.625375336225296508e+00
8.592938392230452749e+00 1.630017143294249848e+00
8.599531231720163760e+00 1.621178593325038220e+00
8.606124071209876547e+00 1.614839070199781901e+00
8.612716910699589334e+00 1.610355983095546062e+00
8.619309750189300345e+00 1.601505813607802642e+00
8.625902589679013133e+00 1.588890381223140524e+00
8.632495429168724144e+00 1.578918235596145303e+00
8.639088268658436931e+00 1.573624866481825313e+00
8.645681108148147942e+00 1.559173907382484181e+00
8.652273947637860729e+00 1.533066692688164867e+00
8.658866787127571740e+00 1.514996014217030673e+00
8.665459626617284528e+00 1.508178509416363777e+00
8.672052466106995539e+00 1.503316817679018591e+00
8.678645305596708326e+00 1.482027673089522102e+00
8.685238145086419337e+00 1.449528618767590649e+00
8.691830984576132124e+00 1.423818455644244141e+00
8.698423824065843135e+00 1.399115385362555974e+00
8.705016663555555922e+00 1.372668141076284209e+00
8.711609503045266933e+00 1.338008656675374164e+00
8.718202342534979721e+00 1.302438438929394593e+00
8.724795182024692508e+00 1.255953870434089792e+00
8.731388021514403519e+00 1.213216258541816028e+00
8.737980861004114530e+00 1.172931303551004500e+00
8.744573700493827317e+00 1.117465969995194763e+00
8.751166539983540105e+00 1.054651675785257092e+00
8.757759379473251116e+00 9.883977606405731642e-01
8.764352218962962127e+00 9.209424629083763358e-01
8.770945058452674914e+00 8.490477083944931724e-01
8.777537897942387701e+00 7.864119231972849233e-01
8.784130737432098712e+00 7.214600719156777364e-01
8.790723576921811500e+00 6.654259966247285663e-01
8.797316416411522511e+00 6.001474295160228456e-01
8.803909255901235298e+00 5.320412419721699537e-01
8.810502095390946309e+00 4.667222931101264183e-01
8.817094934880659096e+00 4.090287069416505550e-01
8.823687774370370107e+00 3.572979063670380095e-01
8.830280613860082894e+00 3.046359417063659314e-01
8.836873453349793905e+00 2.527542795745288395e-01
8.843466292839506693e+00 2.118950450168850252e-01
8.850059132329217704e+00 1.721477293486578797e-01
8.856651971818930491e+00 1.417836655658158695e-01
8.863244811308641502e+00 1.110377237440081516e-01
8.869837650798354289e+00 8.685398151001746947e-02
8.876430490288065300e+00 6.544830452008279509e-02
8.883023329777778088e+00 4.678091970425683754e-02
8.889616169267490875e+00 3.085893490933452887e-02
8.896209008757201886e+00 2.277137196878312522e-02
8.902801848246912897e+00 1.649680357156432797e-02
8.909394687736625684e+00 1.016762593881963793e-02
8.915987527226338472e+00 5.178213688191908928e-03
8.922580366716049483e+00 8.136471114440008623e-04
8.929173206205762270e+00 0.000000000000000000e+00
8.935766045695473281e+00 0.000000000000000000e+00
8.942358885185186068e+00 0.000000000000000000e+00
8.948951724674897079e+00 0.000000000000000000e+00
8.955544564164609866e+00 0.000000000000000000e+00
8.962137403654320877e+00 0.000000000000000000e+00
8.968730243144033665e+00 0.000000000000000000e+00
8.975323082633744676e+00 0.000000000000000000e+00
8.981915922123457463e+00 0.000000000000000000e+00
8.988508761613168474e+00 0.000000000000000000e+00
8.995101601102881261e+00 0.000000000000000000e+00
9.001694440592592272e+00 0.000000000000000000e+00
9.008287280082305060e+00 0.000000000000000000e+00
9.014880119572016071e+00 0.000000000000000000e+00
9.021472959061728858e+00 0.000000000000000000e+00
9.028065798551439869e+00 0.000000000000000000e+00
9.034658638041152656e+00 0.000000000000000000e+00
9.041251477530863667e+00 0.000000000000000000e+00
9.047844317020576455e+00 0.000000000000000000e+00
9.054437156510289242e+00 0.000000000000000000e+00
9.061029996000000253e+00 0.000000000000000000e+00
