7.458969999999999878e+00 0.000000000000000000e+00
7.465562839489711777e+00 0.000000000000000000e+00
7.472155678979423676e+00 0.000000000000000000e+00
7.478748518469135576e+00 0.000000000000000000e+00
7.485341357958847475e+00 0.000000000000000000e+00
7.491934197448559374e+00 0.000000000000000000e+00
7.498527036938271273e+00 0.000000000000000000e+00
7.505119876427983172e+00 0.000000000000000000e+00
7.511712715917695071e+00 0.000000000000000000e+00
7.518305555407406970e+00 0.000000000000000000e+00
7.524898394897118870e+00 0.000000000000000000e+00
7.531491234386830769e+00 0.000000000000000000e+00
7.538084073876543556e+00 0.000000000000000000e+00
7.544676913366255455e+00 0.000000000000000000e+00
7.551269752855967354e+00 0.000000000000000000e+00
7.557862592345679253e+00 0.000000000000000000e+00
7.564455431835391153e+00 0.000000000000000000e+00
7.571048271325103052e+00 0.000000000000000000e+00
7.577641110814814951e+00 0.000000000000000000e+00
7.584233950304526850e+00 0.000000000000000000e+00
7.590826789794238749e+00 0.000000000000000000e+00
7.597419629283950648e+00 0.000000000000000000e+00
7.604012468773662548e+00 0.000000000000000000e+00
7.610605308263374447e+00 0.000000000000000000e+00
7.617198147753086346e+00 0.000000000000000000e+00
7.623790987242798245e+00 0.000000000000000000e+00
7.630383826732510144e+00 0.000000000000000000e+00
7.636976666222222043e+00 0.000000000000000000e+00
7.643569505711933942e+00 0.000000000000000000e+00
7.650162345201645842e+00 0.000000000000000000e+00
7.656755184691357741e+00 0.000000000000000000e+00
7.663348024181069640e+00 0.000000000000000000e+00
7.669940863670781539e+00 0.000000000000000000e+00
7.676533703160493438e+00 0.000000000000000000e+00
7.683126542650205337e+00 0.000000000000000000e+00
7.689719382139917236e+00 0.000000000000000000e+00
7.696312221629629136e+00 0.000000000000000000e+00
7.702905061119341923e+00 0.000000000000000000e+00
7.709497900609053822e+00 0.000000000000000000e+00
7.716090740098765721e+00 0.000000000000000000e+00
7.722683579588477620e+00 0.000000000000000000e+00
7.729276419078189519e+00 0.000000000000000000e+00
7.735869258567901419e+00 0.000000000000000000e+00
7.742462098057613318e+00 0.000000000000000000e+00
7.749054937547325217e+00 0.000000000000000000e+00
7.755647777037037116e+00 0.000000000000000000e+00
7.762240616526749015e+00 0.000000000000000000e+00
7.768833456016460914e+00 3.702290398302053457e-04
7.775426295506172814e+00 2.909465466091347777e-03
7.782019134995884713e+00 5.165001457534915130e-03
7.788611974485596612e+00 7.136837014160914670e-03
7.795204813975308511e+00 8.824972135969333387e-03
7.801797653465020410e+00 1.022940682296017735e-02
7.808390492954732309e+00 1.135014107513344570e-02
7.814983332444444208e+00 1.218717489248913495e-02
7.821576171934156108e+00 1.274050827502726767e-02
7.828169011423868007e+00 1.301014122274780742e-02
7.834761850913579906e+00 1.299607373565077675e-02
7.841354690403291805e+00 1.346115202484719602e-02
7.847947529893003704e+00 1.537704815710031619e-02
7.854540369382715603e+00 1.672554341971830422e-02
7.861133208872427502e+00 1.750663781270113059e-02
7.867726048362140290e+00 1.772033133604881613e-02
7.874318887851852189e+00 1.736662398976128452e-02
7.880911727341564088e+00 1.644551577383858779e-02
7.887504566831275987e+00 1.495700668828074675e-02
7.894097406320987886e+00 1.290109673308776315e-02
7.900690245810699786e+00 1.302591095854611393e-02
7.907283085300411685e+00 1.389744178638815594e-02
7.913875924790123584e+00 1.603741054836745408e-02
7.920468764279835483e+00 1.760997844071159751e-02
7.927061603769547382e+00 1.861514546342060011e-02
7.933654443259259281e+00 1.905291161649445147e-02
7.940247282748971180e+00 1.892327689993315853e-02
7.946840122238683080e+00 2.247894254187442556e-02
7.953432961728394979e+00 2.590685918393179771e-02
7.960025801218106878e+00 3.075226865956211947e-02
7.966618640707818777e+00 3.450802117917388390e-02
7.973211480197530676e+00 3.943821244527268705e-02
7.979804319687242575e+00 4.323360197210118078e-02
7.986397159176954474e+00 4.589418975965940672e-02
7.992989998666666374e+00 4.741997580794730244e-02
7.999582838156378273e+00 5.036376527283829146e-02
8.006175677646091060e+00 5.449868115852753159e-02
8.012768517135802071e+00 5.794576860530978313e-02
8.019361356625514858e+00 6.590904915970700884e-02
8.025954196115225869e+00 7.434050628619698342e-02
8.032547035604938657e+00 8.040769936387813510e-02
8.039139875094649668e+00 9.008514221815003276e-02
8.045732714584362455e+00 9.791916040287496070e-02
8.052325554074073466e+00 1.026324738046049956e-01
8.058918393563786253e+00 1.069669609866127358e-01
8.065511233053497264e+00 1.121599115151079712e-01
8.072104072543210052e+00 1.227639245926574058e-01
8.078696912032921063e+00 1.403031482292788346e-01
8.085289751522633850e+00 1.674568625324446558e-01
8.091882591012346637e+00 1.955863810251956270e-01
8.098475430502057648e+00 2.245980932777992545e-01
8.105068269991768659e+00 2.503014905200903195e-01
8.111661109481481446e+00 2.728342618340604542e-01
8.118253948971194234e+00 2.937182773660247381e-01
8.124846788460905245e+00 3.132289755372021922e-01
8.131439627950618032e+00 3.342312474427091562e-01
8.138032467440329043e+00 3.496123433889754550e-01
8.144625306930041830e+00 3.670992342382092266e-01
8.151218146419752841e+00 3.892460060029925839e-01
8.157810985909465629e+00 4.120494575825193739e-01
8.164403825399176640e+00 4.332442140787110541e-01
8.170996664888889427e+00 4.571187628582156215e-01
8.177589504378600438e+00 4.808321762087768847e-01
8.184182343868313225e+00 5.096234134056869536e-01
8.190775183358024236e+00 5.387118605205840627e-01
8.197368022847737024e+00 5.746569615279387699e-01
8.203960862337448035e+00 6.107902968044452985e-01
8.210553701827160822e+00 6.560288973534927903e-01
8.217146541316871833e+00 7.073999615492659876e-01
8.223739380806584620e+00 7.572855763813183261e-01
8.230332220296295631e+00 8.048607337499465997e-01
8.236925059786008418e+00 8.557032843708248793e-01
8.243517899275719429e+00 9.055760279117208711e-01
8.250110738765432217e+00 9.551490593455246314e-01
8.256703578255145004e+00 1.008919257132758318e+00
8.263296417744856015e+00 1.055912605982490149e+00
8.269889257234567026e+00 1.104873456071628013e+00
8.276482096724279813e+00 1.159831152423637546e+00
8.283074936213992601e+00 1.209287265419782376e+00
8.289667775703703612e+00 1.251442128577985091e+00
8.296260615193416399e+00 1.286500653966897501e+00
8.302853454683127410e+00 1.334819299218162447e+00
8.309446294172840197e+00 1.391798136211418235e+00
8.316039133662551208e+00 1.466915542409724216e+00
8.322631973152263996e+00 1.547063546654426913e+00
8.329224812641975006e+00 1.633318192154130211e+00
8.335817652131687794e+00 1.724488968503063546e+00
8.342410491621398805e+00 1.816318448087149928e+00
8.349003331111111592e+00 1.891525900470523824e+00
8.355596170600822603e+00 1.954218784993790647e+00
8.362189010090535390e+00 2.006975519830845656e+00
8.368781849580246401e+00 2.051842017893139136e+00
8.375374689069959189e+00 2.076644931117701987e+00
8.381967528559670200e+00 2.081124565483923217e+00
8.388560368049382987e+00 2.065257965658192418e+00
8.395153207539093998e+00 2.055800494690193325e+00
8.401746047028806785e+00 2.050320286566180261e+00
8.408338886518517796e+00 2.029596147259479455e+00
8.414931726008230584e+00 1.991329833157062801e+00
8.421524565497943371e+00 1.935418582845272129e+00
8.428117404987654382e+00 1.886767691502606592e+00
8.434710244477367169e+00 1.827138544280176857e+00
8.441303083967078180e+00 1.772895890841420519e+00
8.447895923456790968e+00 1.714400085331672985e+00
8.454488762946501978e+00 1.655582023907100186e+00
8.461081602436214766e+00 1.603484194361063153e+00
8.467674441925925777e+00 1.568985812765735455e+00
8.474267281415638564e+00 1.532978692000435128e+00
8.480860120905349575e+00 1.511981127815863468e+00
8.487452960395062362e+00 1.490272880666372979e+00
8.494045799884773373e+00 1.490311375170402908e+00
8.500638639374486161e+00 1.486997281973336582e+00
8.507231478864197172e+00 1.479635078045320906e+00
8.513824318353909959e+00 1.467437790967045075e+00
8.520417157843620970e+00 1.460358075261177335e+00
8.527009997333333757e+00 1.452928509266511181e+00
8.533602836823044768e+00 1.441613014366269985e+00
8.540195676312757556e+00 1.437444405976531225e+00
8.546788515802468567e+00 1.429481694653228496e+00
8.553381355292181354e+00 1.445310328008041489e+00
8.559974194781892365e+00 1.459057387873140987e+00
8.566567034271605152e+00 1.470360880277434834e+00
8.573159873761316163e+00 1.478428763377425570e+00
8.579752713251028950e+00 1.472458100660308800e+00
8.586345552740741738e+00 1.445387561425903522e+00
8.592938392230452749e+00 1.408527653908495658e+00
8.599531231720163760e+00 1.366644975947283625e+00
8.606124071209876547e+00 1.332013713405900246e+00
8.612716910699589334e+00 1.298051526907539888e+00
8.619309750189300345e+00 1.270470756979272142e+00
8.625902589679013133e+00 1.259953760892167374e+00
8.632495429168724144e+00 1.263559147946978323e+00
8.639088268658436931e+00 1.278275239955538822e+00
8.645681108148147942e+00 1.291923171444324892e+00
8.652273947637860729e+00 1.298352256539679006e+00
8.658866787127571740e+00 1.304202619897653515e+00
8.665459626617284528e+00 1.314388924532520209e+00
8.672052466106995539e+00 1.326070723697021281e+00
8.678645305596708326e+00 1.334373665626908512e+00
8.685238145086419337e+00 1.351435655411227899e+00
8.691830984576132124e+00 1.376092318477734056e+00
8.698423824065843135e+00 1.405664778300980799e+00
8.705016663555555922e+00 1.428104541054016963e+00
8.711609503045266933e+00 1.448350113914981252e+00
8.718202342534979721e+00 1.464655683308800915e+00
8.724795182024692508e+00 1.473887852381390529e+00
8.731388021514403519e+00 1.478776298769197695e+00
8.737980861004114530e+00 1.484859728413750135e+00
8.744573700493827317e+00 1.495360866397349220e+00
8.751166539983540105e+00 1.510821258882600659e+00
8.757759379473251116e+00 1.523549393866384216e+00
8.764352218962962127e+00 1.525931243226433587e+00
8.770945058452674914e+00 1.514736801079736628e+00
8.777537897942387701e+00 1.493081871116388015e+00
8.784130737432098712e+00 1.467371291754435925e+00
8.790723576921811500e+00 1.427570316133295103e+00
8.797316416411522511e+00 1.376749559753851493e+00
8.803909255901235298e+00 1.308271915485994086e+00
8.810502095390946309e+00 1.231989844800760459e+00
8.817094934880659096e+00 1.148724178394218365e+00
8.823687774370370107e+00 1.062715425602119845e+00
8.830280613860082894e+00 9.595712691514243220e-01
8.836873453349793905e+00 8.464268175025926322e-01
8.843466292839506693e+00 7.438001368597059182e-01
8.850059132329217704e+00 6.459825617314322033e-01
8.856651971818930491e+00 5.444005160093698947e-01
8.863244811308641502e+00 4.492210121858909999e-01
8.869837650798354289e+00 3.772460885202446601e-01
8.876430490288065300e+00 3.192657220814372754e-01
8.883023329777778088e+00 2.661465689998453454e-01
8.889616169267490875e+00 2.199331927193756420e-01
8.896209008757201886e+00 1.771773842656827191e-01
8.902801848246912897e+00 1.413970268541980824e-01
8.909394687736625684e+00 1.128570756471646425e-01
8.915987527226338472e+00 8.669491999754928846e-02
8.922580366716049483e+00 6.086519349741033313e-02
8.929173206205762270e+00 3.826376011086246587e-02
8.935766045695473281e+00 2.490670585217209798e-02
8.942358885185186068e+00 1.625199680734538965e-02
8.948951724674897079e+00 1.174043608513228309e-02
8.955544564164609866e+00 7.434230004455681488e-03
8.962137403654320877e+00 2.640351361736819301e-03
8.968730243144033665e+00 6.947742866795528444e-05
8.975323082633744676e+00 0.000000000000000000e+00
8.981915922123457463e+00 0.000000000000000000e+00
8.988508761613168474e+00 0.000000000000000000e+00
8.995101601102881261e+00 0.000000000000000000e+00
9.001694440592592272e+00 0.000000000000000000e+00
9.008287280082305060e+00 0.000000000000000000e+00
9.014880119572016071e+00 0.000000000000000000e+00
9.021472959061728858e+00 0.000000000000000000e+00
9.028065798551439869e+00 0.000000000000000000e+00
9.034658638041152656e+00 0.000000000000000000e+00
9.041251477530863667e+00 0.000000000000000000e+00
9.047844317020576455e+00 0.000000000000000000e+00
9.054437156510289242e+00 0.000000000000000000e+00
9.061029996000000253e+00 0.000000000000000000e+00
